uvSensorType = 0
uvSensorData = [ 124, 142, 140, 138, 139, 133, 130, 114, 115, 98, 149, 152, 152, 152, 162, 136, 143, 143, 98, 114, 151, 153, 155, 154, 145, 135, 136, 138, 118, 117, 140, 162, 146, 156, 150, 147, 142, 136, 131, 114, 139, 146, 140, 143, 145, 147, 144, 132, 126, 120, 132, 135, 133, 141, 140, 140, 137, 126, 130, 120,]
uvTemperature = 30.7
uvDateTime = "07.09.2020 20:49:05"
uvMean = 140.4
uvStdDev = 13.9
uvMinValue = 98
uvMaxValue = 162
uvPercDiff = [ -11.7, 1.1, -0.3, -1.7, -1.0, -5.3, -7.4, -18.8, -18.1, -30.2, 6.1, 8.300000000000001, 8.300000000000001, 8.300000000000001, 15.4, -3.1, 1.8, 1.8, -30.2, -18.8, 7.5, 9.0, 10.4, 9.699999999999999, 3.3, -3.9, -3.1, -1.7, -16.0, -16.7, -0.3, 15.4, 4.0, 11.1, 6.8, 4.7, 1.1, -3.1, -6.7, -18.8, -1.0, 4.0, -0.3, 1.8, 3.3, 4.7, 2.6, -6.0, -10.3, -14.5, -6.0, -3.9, -5.3, 0.4, -0.3, -0.3, -2.4, -10.3, -7.4, -14.5,]
uvFoundPwm = 211
uvOsVersion = "1.4.2"
uvMcBoardRev = "6c"
uvLedCounter = [ 710,]
