osVersion = "1.4.2"
a64SerialNo = "CZPX2221X009XC05147"
mcSerialNo = "CZPX1421X012X105043"
mcFwVersion = "0.11.5"
mcBoardRev = "6c"
towerHeight = 96000
tiltHeight = 4928
uvPwm = 211
wizardUvVoltageRow1 = [ 14299, 14968, 15893,]
wizardUvVoltageRow2 = [ 14299, 15013, 15868,]
wizardUvVoltageRow3 = [ 14324, 15038, 15941,]
wizardFanRpm = [ 2001.075949367089, 3335.164556962025, 995.8607594936709,]
wizardTempUvInit = 23.8
wizardTempUvWarm = 35.6
wizardTempAmbient = 24.7
wizardTempA64 = 44.0
wizardResinVolume = 100
towerSensitivity = 0
